class1.csv
0.974385562024
0.974077675344
0.973979136708

class2.csv
0.979980730365
0.978447532902
0.978808506482

class3.csv
0.974137178015
0.97328296165
0.973386704458

class4.csv
0.974204597393
0.967610207137
0.969014561196

class5.csv





0.988904318	0.989036345	0.988065324
0.988902589	0.989039594	0.988080559
0.98890071	0.989026965	0.98805288
		
0.985768137	0.991591572	0.98870818
0.986190295	0.99163816	0.988724186
0.985962987	0.991565161	0.988705567
		
0.991017298	0.989224244	0.991885953
0.991004688	0.989230964	0.991891549
0.990926358	0.989215354	0.99188778
